dleaf =         5.00000
apar =      1619.20000
tleaf =        32.81589
qa =      1309.28797
lhflx =       164.60971
etflx =         3.75876
an =         8.31351
gbh =         1.03758
gs =         0.18120
psi_leaf =        -1.72020
